ISS (ZARYA)             
1 25544U 98067A   25209.50000000  .00001890  00000-0  34567-4 0  9999
2 25544  51.6000 175.2000 0001890 100.0000 260.0000 15.50000002400003
STARLINK-1947           
1 48274U 21036AZ  25209.50000000  .00003456  00000-0  23456-3 0  9999
2 48274  53.0000  42.5000 0003456 125.0000 235.0000 15.10000001200002
COSMOS 2542             
1 43013U 17085A   25209.50000000  .00000567  00000-0  12345-4 0  9999
2 43013  82.5000 270.0000 0000567 180.0000   0.0000 14.80000000100001
GEOSAT-2A               
1 52132U 22017A   25209.50000000  .00001234  00000-0  67890-4 0  9999
2 52132  98.2000  90.0000 0001234 270.0000  90.0000 14.20000000300001