ISS (ZARYA)             
1 25544U 98067A   25209.75000000  .00002123  00000-0  41234-4 0  9999
2 25544  51.6000 170.8000 0002123 105.0000 255.0000 15.50000003400004
STARLINK-1947           
1 48274U 21036AZ  25209.75000000  .00003456  00000-0  23456-3 0  9999
2 48274  53.0000  42.5000 0003456 125.0000 235.0000 15.10000001200002
COSMOS 2542             
1 43013U 17085A   25209.75000000  .00000789  00000-0  15678-4 0  9999
2 43013  82.5000 268.5000 0000789 185.0000 355.0000 14.80000001100002
GEOSAT-2A               
1 52132U 22017A   25209.75000000  .00001567  00000-0  89012-4 0  9999
2 52132  98.2000  87.5000 0001567 275.0000  85.0000 14.20000001300002